# Number of quarter steps to take in order to move to the next tube
400
-400
400
-400
400
-400
400
-400
400
-400
400
-400
400
-400
400
-400
400
-400
400
-400
400
-400
400
-400
400
-400
400
-400
400
-400
400
-400
400
-400
400
-400
400
-400
400
-400
400
-400
400
-400
400
-400
400
-400
400
-400
400
-400
400
-400
400
-400
400
-400
400
-400
400
-400
400
-400
400
-400
400
-400
400
-400
400
-400
400
-400
400
-400
400
-400
400
-400
400
-400
400
-400
400
-400
400
-400
400
-400
400
-400
400
-400
400
-400
400
-400
400
-400

